site,A,C,D,E,F,G,H,I,K,L,M,N,P,Q,R,S,T,V,W,Y
1,0.013979400512432572,0.04946980595049477,0.022996579118059215,0.02135550241377328,0.01587310885549726,0.049820273789353574,0.030873417659874707,0.019595156245784076,0.16424365183347467,0.021291274810941948,0.018386346115451414,0.025626263176255923,0.02719706952341939,0.022963305116283937,0.4294756389383883,0.012143666967443784,0.01546340132233579,0.007948401117379229,0.012358358267385306,0.01893937826597086
2,0.01406753247306791,0.02000221960274512,0.021297063427557772,0.061647804868796674,0.022049216841167903,0.5095743920977593,0.044324435244183315,0.02263602280808052,0.018426791838616955,0.011227869220020031,0.017781820177245333,0.03025088587917586,0.046611937798659894,0.03005132968427085,0.03700221658815082,0.01810295189365017,0.027660916747077425,0.012493691047123048,0.014763628696456312,0.020027273066194742
3,0.01691380981809178,0.034824703041012865,0.027728677328191127,0.012362801883532483,0.013685831804351676,0.6764198472198591,0.012950716576679676,0.016060415022039216,0.01820156623094019,0.005538672728050168,0.01580233195401195,0.014821960658545697,0.00919934615757387,0.015562869948341603,0.0059787645512396235,0.0409789057219217,0.01132625584524379,0.022542576786956432,0.013708303216327605,0.015391643507089435
4,0.13418687656892156,0.018833072511831504,0.014663131433509656,0.05978243461472181,0.01751011312795966,0.5256579318508208,0.017013904719246922,0.015581029769774307,0.02008299056371734,0.007472048494339879,0.02200118567124087,0.021526798502869274,0.009891676996760865,0.021145428810022054,0.024983603558813162,0.007774867655898747,0.013025495444360399,0.01351068863850569,0.01446586775359554,0.02089085331309001
5,0.06347352283266203,0.04541651411514545,0.051926121506326695,0.052202264850395065,0.11597547518945116,0.01378382836011503,0.009966337780647108,0.062238425531559186,0.14003201932347903,0.04960126894187058,0.00794343737325251,0.027019292143113403,0.006384273953668186,0.06047911686016302,0.05881504353236389,0.05030432292161266,0.08470834091871651,0.07433255762173387,0.020005494708054777,0.005392341535669793
6,0.235012728366776,0.02738290716412264,0.006633683676105668,0.07106053794534536,0.009080176494707647,0.38275713019730473,0.00718077726982428,0.009433917081058925,0.010391078549691013,0.0029169500575259868,0.008667028075224426,0.009802846905740991,0.003944833589492759,0.009818951011726144,0.01364842569684834,0.1639796060573698,0.004705604551677384,0.008888610618228088,0.006592709733442358,0.008101496957787467
7,0.04430345994648814,0.07052610350766891,0.11619432650570093,0.11843415512466231,0.025598729484373507,0.006157352648364112,0.03501502165563628,0.03726720196636892,0.005801376240657195,0.050406421770241655,0.06593687316193401,0.013816710757621115,0.014561274298879831,0.12696906629806917,0.003991147599687514,0.03335809583400873,0.028946577597907548,0.0857293328716749,0.06115786029275306,0.055828912437302154
8,0.044863246574613096,0.036920674837721504,0.012817085756520748,0.01401825767160879,0.017268200647910584,0.005444398791603747,0.014141451316691086,0.027224299842756802,0.012706610813182655,0.005111097277775928,0.030352200532360762,0.040453926259337,0.01203113061764474,0.012984552393465378,0.0048885386481245865,0.05988144059665758,0.6001454018978472,0.02647430747787435,0.009327094198552353,0.012946083847751118
9,0.01920019161868189,0.15736631589096445,0.004292502886107301,0.006504849532545474,0.005479151534539646,0.013112001918699115,0.003242116215519063,0.15630630098996406,0.005842123332423715,0.1546223016051492,0.013442344068390236,0.01413232253755059,0.04688165744037529,0.01883634010131253,0.002945217441478072,0.037320101728813136,0.21254139528047203,0.1205945569949243,0.0036368699427077717,0.003701338939382152
10,0.008587436678717338,0.01627687481972402,0.016557403367405583,0.05410873436317306,0.01875795617310329,0.6673365338159628,0.01806231938538432,0.017048976962666343,0.02305201614747956,0.0060169146726243685,0.019263025806457692,0.020653035743215305,0.008276235391827777,0.019236311840525235,0.034274586586917864,0.009194648356656732,0.010248705470744553,0.006723619816767265,0.011770183136103387,0.014554481464543564
11,0.06123186737659496,0.1791567096343657,0.01632422441267835,0.11196199898541603,0.10713919002642733,0.009814540156466649,0.028266726934840995,0.02869365025211333,0.011663285266727058,0.03323230492829727,0.02049717482657698,0.028889238819754793,0.0021503482223136617,0.10363309043367853,0.012102380921780898,0.026660322262077468,0.01548059912404519,0.11598114253620709,0.05711256185749736,0.030008643022140326
12,0.07674204692927793,0.008818764817004963,0.009654856709059953,0.01564026960328987,0.043892553379696456,0.002604621818711038,0.07199234079543934,0.08607050525887319,0.10135993238516369,0.0808644912557217,0.0474644159576582,0.07394585404416217,0.0035871631959784856,0.03209896178302739,0.017649957549113467,0.003588844532424725,0.012260260631633869,0.22305016506318703,0.004527634223775341,0.08418636006680119
13,0.021239793445134526,0.05361991609054274,0.03893535190603587,0.034587760728428306,0.025157355026965943,0.020705489247735614,0.0310462890400115,0.02825513000191579,0.03810843331033837,0.013428741612589215,0.034316872285937716,0.035783770156877,0.0372504379170638,0.03482927567704501,0.04160195368989184,0.027299209299514314,0.029170640246347915,0.0162340295605872,0.3164878954713751,0.12194165528566223
14,0.015192005729071156,0.027696955756875228,0.02462004806437746,0.026976485542422303,0.030751669665253712,0.012382947462050712,0.038684939688454614,0.05082126899241812,0.4905328755747471,0.013365462566379722,0.018123761307569597,0.03763243316620023,0.019745204156842253,0.04140092192143233,0.032934898238347055,0.015726095838979104,0.0338068539163297,0.014742483245206767,0.019090577641072012,0.03577211152597086
15,0.0383689719082937,0.012495626222501882,0.018600489953271137,0.01951748203032083,0.10378700072636309,0.04838653810051287,0.018272982769748588,0.14217345857393268,0.049768228111115,0.027644364318748966,0.22647612692624156,0.028520592384607444,0.0012132979495305268,0.021767632969192183,0.05280025108080726,0.048336639896393065,0.051958262213788554,0.06285964317530919,0.0037222650864470004,0.023330145602874462
16,0.04640727660642746,0.04697650572180877,0.005131485042317068,0.02701228015210902,0.012479307918101125,0.05040721256141353,0.037438194663078496,0.0036492356182405857,0.2558200958421352,0.048441764348029555,0.030663046518373125,0.05517779889747105,0.00564948244073876,0.14970819868318813,0.10822606903240012,0.07758430185285306,0.010118901209008676,0.021119860551272452,0.0024129586000103437,0.005576023741023518
17,0.0069252985900060795,0.013993110736752908,0.014494653946647538,0.013220676178274033,0.012453960474792213,0.006721138790174247,0.01422779630242311,0.09541568051303843,0.013203383753291404,0.35330722375662554,0.16753699953251922,0.01435784806490351,0.019379846717557877,0.048738010573567414,0.006986888468639786,0.005711268472701066,0.059749814066333735,0.10853930187881985,0.009310389656024676,0.015726709526907332
18,0.036739750619616304,0.01220309847104276,0.05749411646437743,0.011876310450391293,0.008937948228858404,0.05479385006469716,0.02228465693021311,0.0498768676908765,0.02005809423598072,0.03255429359215929,0.013732372332487773,0.21771693125920766,0.006094020507952963,0.06052175934747658,0.027427599074630597,0.08147184821918521,0.19612943702520347,0.011046867348279657,0.011611831555179716,0.06742834658218341
19,0.0547436238766174,0.023751200812726685,0.035504524641361015,0.05091709848450755,0.03020533287363626,0.09245117090534642,0.11362336739596758,0.1291664498746358,0.033382365066335476,0.06631114772007929,0.04689743646216006,0.019916187705181058,0.00416922211456926,0.05164083778766039,0.03155921091049891,0.01525967886806942,0.06309554104104388,0.11862571218749045,0.0026325861794665494,0.016147305092646513
20,0.006031143640606621,0.049846757357658034,0.013342767738521888,0.0077875247856301795,0.07929822114248168,0.005895544783710724,0.057915482982427935,0.03607382579964328,0.03187887815104907,0.2534201405307754,0.17953028261315412,0.011459879298422364,0.003500020624146282,0.054851163027227486,0.002762802089672585,0.002522224381604387,0.016140693782321146,0.04670475646392979,0.0043021582791495415,0.13673573252786747
21,0.038526935916546726,0.10497536815338039,0.2547418201731563,0.011074562463298755,0.015552735906974115,0.08474211709868627,0.0032627318573038083,0.006424990675197685,0.00672225447247622,0.021940106695873113,0.07481044318904664,0.0735517895201873,0.0292808374543426,0.06503010839755431,0.01080766599567096,0.07142793012830734,0.09351082961170394,0.016909197858487927,0.006327946244525499,0.010379628187280084
22,0.1030367962619722,0.008833073416968491,0.08678349809668402,0.06973231058047087,0.02089438466206712,0.08197370793618769,0.03708184314406183,0.008294505562392458,0.007052214116981645,0.03412052968479908,0.013489340656922224,0.05711850157320384,0.07897972746606881,0.03310915871212602,0.05469694877766565,0.12881274833782647,0.1485412980768415,0.010746025959232552,0.008221701292790493,0.00848168568473702
23,0.04018887373013186,0.09237534079876661,0.04382132592790407,0.013737313507654218,0.03322609710743419,0.07479429246746791,0.08694424153688847,0.07527929263568767,0.04508961977450763,0.05354495814909051,0.06381494852762962,0.021235809694191934,0.03487343251205091,0.06948606982983513,0.02194885504241318,0.03402068749714245,0.041618439336782935,0.10341417737638003,0.022459328765437405,0.028126895782603283
24,0.11423633108583069,0.07214662964395738,0.08150235447602294,0.10843814517234657,0.008028677524150308,0.029284208664221587,0.023706492090525146,0.009243115618333027,0.020476814414087868,0.00916625725769592,0.05259717998472999,0.1881327612558514,0.006296160472164002,0.059531370363918146,0.0031385906165664087,0.06540765486488447,0.11445909721815162,0.020718790274851257,0.005914775855710119,0.0075745931460011575
25,0.019667759181405623,0.044989565592093946,0.03079429964598483,0.017333888395955763,0.3269974388328178,0.011433345919344765,0.04625543153181115,0.032799183390380834,0.027627848299546166,0.020202128206634966,0.017646310897766228,0.062482595763933384,0.062081752883083506,0.02617840745911833,0.011095075676850363,0.024837935316013127,0.018939807520978756,0.025636116661704834,0.14166416575201948,0.03133694307255621
26,0.09235792717935896,0.018209065718693927,0.012372974008766274,0.05121793720966996,0.03940730176884489,0.046235856414159934,0.06327032502742552,0.059741994561614595,0.06617942811101014,0.05536593099795357,0.11052039742984739,0.06078968595217463,0.003938450272244365,0.04738771011920262,0.06047643027705946,0.059156269126710945,0.037670162324287736,0.02707360133793866,0.012088221927364452,0.07654033023567199
27,0.01673656465181418,0.03295164721446072,0.025707475297552088,0.032406641956213435,0.0059429221946919,0.014094038752580059,0.009379655314780197,0.012610422664021789,0.1030112843333914,0.0188406650700748,0.12377845116764581,0.08872775891052138,0.020445349522163578,0.05706511249494415,0.12511885270240355,0.12935583402714373,0.1430257313964831,0.03042082955350203,0.0025775418525187527,0.007803220923093335
28,0.015556270450125904,0.06028434114443612,0.022044565299210388,0.01580762475290831,0.1364324422783082,0.009521898744332163,0.05024737575626507,0.0264149271541429,0.023078425848495843,0.009044588289404895,0.020539050627941008,0.02237979631138844,0.01846905388861098,0.022198843547539083,0.01137655943450887,0.016400664880955127,0.01797482995036445,0.010855437357359336,0.019580140088869668,0.4717931641948332
29,0.016887258627754868,0.09428473980894055,0.03090172585861236,0.04671331329054298,0.06900862672270622,0.011375985425579814,0.024552871545561572,0.0402867698063101,0.40444540131807244,0.01075132964653075,0.015227209239698752,0.022708664932843767,0.018112356380422762,0.022469955021490007,0.0527460252158867,0.01240832848908123,0.046678377713630106,0.02456842474255905,0.015011712571180783,0.020860923642595192
30,0.09030376632233252,0.07025516713231912,0.013239644947985275,0.026233117577977656,0.01281761783232971,0.09260429060678925,0.014214679698000322,0.012418239413730959,0.18728673144027744,0.01594938280021576,0.013495106596860032,0.024305772593035024,0.013158253572175345,0.06173719194032552,0.10500864379140729,0.10438848754651713,0.02958049459239222,0.06142046859477959,0.006595437585878675,0.04498750541467117
31,0.18805274363704216,0.03021075288805451,0.02130541187859597,0.01707823357727905,0.014111329641736222,0.03016756427063925,0.14988728427715475,0.08308012018144365,0.024222565150093158,0.013081527134845668,0.028676907322028142,0.016781364958026877,0.0151171520126368,0.07355347677377928,0.039452086751950596,0.15406219647482047,0.06556780870958316,0.0075839876078827384,0.015264815620956279,0.012742671131451304
32,0.2812463310802745,0.03967134889343242,0.03261586085216619,0.017036638396663827,0.020179085238658388,0.32990203598786716,0.023397343468559074,0.01875952306828913,0.013812406284484657,0.008875665613516794,0.016677554971049276,0.06096411919306027,0.011517770168315344,0.01897339378546148,0.008932212266016995,0.037612233725908176,0.010532830033601814,0.011936074247878434,0.018706290797846605,0.018651281926949464
33,0.02684883299500967,0.11564690225118011,0.024450128475794457,0.0339977936459482,0.027282844662892967,0.010809140280730482,0.027582072942819218,0.30913635882891005,0.019309292288648413,0.04238203321893567,0.027322476760881852,0.051187587899415056,0.012871440371260463,0.0190637162843047,0.010464774174344878,0.024007955381399996,0.042308720501786364,0.11845924452483873,0.026275110088342955,0.03059357442255576
34,0.025984165101246754,0.0395942480494558,0.011662048658615046,0.0065099036462430435,0.03872040333700155,0.003135822122605168,0.010795545411634496,0.10251515539686856,0.03017385424023869,0.10076122831057824,0.11017310776397976,0.04253926392858041,0.014637014930394258,0.028478151298050012,0.01505521637666827,0.027057686592892025,0.11006074505700163,0.026308538871988724,0.21236946285847408,0.043468438047483585
35,0.030009157780950608,0.018270867816336526,0.026811926318209216,0.4316216049345371,0.027224505472886903,0.045755105142938825,0.01959019330540579,0.021943689999828677,0.0309687734419224,0.012401006187715207,0.01819393289090547,0.019604367185160725,0.011755649708774131,0.15131378533984985,0.01066498843749165,0.012339106885431201,0.015035432883062796,0.04621226015787368,0.027475216482674456,0.022808429628044767
36,0.07722470313480097,0.04157394820483667,0.016183519959601513,0.016284867817175506,0.016872415610551264,0.02813510118603529,0.016891492669922157,0.10565834124321602,0.018795545054239332,0.03714684223730061,0.05016369973229367,0.045499166094104246,0.03605704417415946,0.016925693180664125,0.006878284209083236,0.02034409512483748,0.05450582540323237,0.35399318565312415,0.01406583271635957,0.02680039659446233
37,0.166814116923504,0.04504526580420557,0.02150128164885886,0.014500755516461664,0.04439085270830632,0.07705727205785885,0.1932450201007391,0.034317340853619566,0.012393279685314838,0.042393969634862826,0.0737955187420827,0.025333657047048142,0.10168626092289837,0.02479357451512523,0.00574342118704947,0.0049763292647843505,0.00844429279972421,0.01310065153923115,0.05569807477698301,0.03476906427134174
38,0.020917134626894117,0.037941262400621234,0.036171223821967274,0.028238482634522718,0.026208479482148033,0.03947148240282799,0.034584083824579434,0.05521829060560003,0.040793643074653496,0.0175022058387797,0.021435113613692196,0.04426493554213947,0.036117080445258395,0.039714734147585376,0.35676265349191943,0.03561585865598567,0.04270321483916277,0.019626443642027907,0.027333902840524168,0.03937977406911057
39,0.1775951908466522,0.023571225107652204,0.05941549102661929,0.20159966787110178,0.014164478279968879,0.04143743973310835,0.011394973471352899,0.021191641650493902,0.021313545081027327,0.030764256410908512,0.0272343839479711,0.12853517739953507,0.003903947238727529,0.008538721564464094,0.011296500083910345,0.05664165684550085,0.06647645453683965,0.023494570586524453,0.05475612906374497,0.016674549253896578
40,0.03452882422525484,0.03719322461668345,0.047562259786185994,0.13062318876957119,0.047528284508838205,0.04625140979670305,0.05038307562067454,0.06561023164449749,0.02274134281789133,0.06482884157923786,0.05654317130818053,0.0970387854247642,0.08838147099379459,0.025312278526066986,0.0030168207563240784,0.031007882034515787,0.05361549373031017,0.058635679538192174,0.00582323338839811,0.03337450093391542
41,0.5349083670985718,0.02093844226221372,0.028462653544173475,0.019873790736297046,0.026372791280878813,0.030801489163619248,0.02598915077331694,0.02633221867715885,0.02189564182690151,0.010252421696825068,0.02043832950584902,0.021630718319727356,0.009396984887853538,0.02432576107547558,0.01191383456082872,0.052625876358998576,0.02382768947489292,0.036775940141928365,0.03178314488753732,0.021454753726952124
42,0.06536842472193123,0.025165959466420536,0.010613030332413871,0.009499431508016402,0.009295450689950586,0.0036203239250568522,0.04494793258079495,0.07482690127084775,0.1086947377613072,0.022222743088789697,0.05957191429439806,0.012906918741829506,0.0023967548086884518,0.06122601418611327,0.14786952401158873,0.1175310615759104,0.13273937884310136,0.07328828620187801,0.008613835660718655,0.009601376330244436
43,0.10442671893785357,0.052900576742810346,0.0386183892735955,0.0038818724769655796,0.05633989649747174,0.025939984410388018,0.039011511355870956,0.12758450391433557,0.0167802175284721,0.050851202939867265,0.07678826391535118,0.06752235344751219,0.0013629865706750758,0.041334705819307684,0.07006151341085337,0.07558048961417908,0.08633576315499991,0.0428017402938133,0.016557580290504945,0.005319729405172673
44,0.15373831665390517,0.12231706149454945,0.009847768785280183,0.033698845645360756,0.03140346116384757,0.020550084944056253,0.04859920583512687,0.03512599340524902,0.012785505436543849,0.09940864604039173,0.11467585383282267,0.028769984610253287,0.006171782154958389,0.08477326915757988,0.019159134468309996,0.10017613166799078,0.018441658187026515,0.016252530792080055,0.012821174252704083,0.031283591471963516
45,0.01640105453981858,0.014315634133717382,0.010652705120039673,0.018026734108773968,0.06935678519563375,0.009280720992097652,0.15075778433896667,0.12204670318639606,0.013514299954915395,0.2738278760502705,0.13080696236337436,0.03417589890911941,0.013931419780882418,0.044095497836389407,0.012257791914043326,0.004515555384791035,0.013221448426413273,0.017019683763154676,0.0194215217637203,0.01237392223748224
46,0.03354805317874706,0.0755230118002566,0.05854803140097024,0.01896437407837456,0.004979911115533065,0.08636426423717797,0.05981394582074702,0.07916708791864574,0.07686969501625496,0.1255562241210172,0.05174417133632592,0.04099587203345431,0.0029481716402769945,0.05377993633985495,0.03326281032086187,0.08239098974319997,0.06625483355159283,0.02644990226627727,0.012294489505878,0.010544224574553463
47,0.062568867270014,0.057525367821746956,0.106698778160771,0.09432481717222599,0.06464891576922428,0.0479885109381391,0.07646976098680887,0.024293720857231655,0.013448967442013994,0.056192405395185496,0.014551152068265584,0.03175156954225017,0.0016237881926958089,0.06683002581601682,0.008936598977323983,0.06315813119822399,0.11057407782208847,0.03547050120074811,0.04616735544703866,0.016776687921987107
48,0.04388306048240583,0.01637671458153644,0.008568298131392515,0.04014784540834648,0.0095409635126779,0.13655954780032595,0.08791072159066768,0.005318667641201488,0.079597855611374,0.036365019368111234,0.026838503573130994,0.1941710664590952,0.007297562029550106,0.07669046516274024,0.07773090676852448,0.11570218680225453,0.004881846120480192,0.009792841322570061,0.00924683014781561,0.013379097485799019
49,0.08712769741500942,0.16610736041126833,0.039259167866046586,0.03405512649440253,0.040214198751493714,0.02580958277044533,0.03159007487686646,0.025119486416824377,0.027370801450272108,0.04300848760048895,0.10290456273787683,0.046517946573015896,0.025439162065117853,0.01792092072362849,0.03910413306793624,0.07136705176066993,0.027858959911345522,0.1049528564847657,0.01739812384642858,0.026874298776097153
50,0.0482751495663538,0.030991087998542603,0.05402645738914154,0.011759918984038716,0.03990125878273035,0.04521829047733994,0.04559386599374296,0.05798567216320364,0.11637294363048029,0.024467832674462474,0.00880395242433422,0.14705102575293344,0.002845224582863001,0.008320334196481401,0.017979751963466892,0.057115002138457285,0.012662593856369628,0.012690412138041743,0.03654062520972381,0.22139860007729226
51,0.026741494878888095,0.0861634934731759,0.08839930633411186,0.005450105045986545,0.028834653558993676,0.038284265571525575,0.04254745416996368,0.022260639624399805,0.11088676203821911,0.04167852563295905,0.06758862078867041,0.18580076147828029,0.004592963394687821,0.03516984866498882,0.028520468513024845,0.06416803998770863,0.058844704672617036,0.025312311310597004,0.03169703018439139,0.007058550676810477
52,0.08847351990077612,0.10256249046985563,0.05536659448734824,0.07883359867849711,0.02688844153442542,0.12359062430854831,0.08032049314145466,0.006123137737786864,0.008956657745768185,0.06174937181891796,0.04366564904754315,0.02308651164431301,0.002498740390821154,0.015564464746358973,0.016967755748544016,0.1281294621166401,0.05637162713040234,0.040683663209218165,0.035246622759474454,0.004920573383306155
53,0.024913999568972632,0.020043667219345338,0.03399138208655955,0.058393593753623546,0.018951043076777266,0.572643062584709,0.021622782602530987,0.025766931460145866,0.019253907191609944,0.010176940471509056,0.022992727840458155,0.02603870777756721,0.009725804290004214,0.022613839034065598,0.038261528689371244,0.00975387061553044,0.010386509333730027,0.01647960333515528,0.017743415023956644,0.020246684044377964
54,0.015962394388194825,0.013844606092799635,0.010925019775749186,0.010100552083378988,0.21816336562543784,0.005319534352073118,0.3128031218562736,0.010089978967695364,0.008850057305016241,0.01226345111264254,0.017362055747956077,0.014441462180942421,0.01095904672689308,0.02646775369068767,0.0132604175291055,0.003862764552028674,0.008030525049988704,0.049758625989757346,0.1763477782217577,0.06118748875162146
55,0.19975181510218545,0.08866006733260315,0.016548471955123455,0.01481849641242416,0.008882334945030627,0.0445986908688743,0.008213478899401463,0.010094200305804156,0.008245059870703895,0.003938431762597117,0.009727392756625158,0.00792323854885083,0.32778770806507945,0.010980665355405468,0.0037176641274045408,0.13115269512521407,0.07199950142039475,0.008543755372718329,0.012512615793355643,0.011903715980203953
56,0.022269369504420516,0.0698904895163664,0.011198144911272233,0.010837980490311995,0.014101522675882177,0.016904991424619632,0.01641685638800251,0.04347058651735881,0.011038211119150597,0.013206716445389205,0.01700797613940522,0.012459712290914476,0.1678812636656639,0.012365429404499613,0.007171672105096701,0.005736139037981982,0.04498252524316394,0.47879914909983784,0.013051963410789853,0.011209300609872557
57,0.02827037424296581,0.017217525568169585,0.01838248262783181,0.020136611198462884,0.02202089592445008,0.011450682369485645,0.011701414038319504,0.01890922358969282,0.02347697132349602,0.009767404481457055,0.024762658855262,0.016791138984079152,0.07766202074016092,0.018078922490290396,0.009390043559437494,0.5963074491838268,0.012308132889397467,0.012490122604158943,0.023541877290239533,0.027334048038816082
58,0.013467617272006868,0.02935796032517053,0.026591196856261216,0.021684576192838638,0.02871243201073872,0.03814285574395044,0.021078968489596277,0.027186534837125055,0.023013802381455357,0.035077123781384875,0.01908845395136018,0.0193166503641246,0.02392235343666594,0.04156753933818896,0.541960544311811,0.010152650597162551,0.012047663034946105,0.016747784655580075,0.023894890149357823,0.026988402270274936
59,0.03230612483889385,0.019681706238251693,0.01515792225144156,0.05461181954341998,0.019992771855667824,0.5843607378084469,0.03403583042756242,0.018079700919369862,0.018382260105479567,0.006841430437912878,0.02416106972149436,0.016765310033758998,0.009479477664938285,0.015036303504752737,0.06490024389531894,0.00914775747066317,0.011014938082209621,0.010665241083283383,0.018100336692081234,0.017279017425052803
60,0.061933803634830156,0.020754138387271956,0.015292127521208386,0.013641271297723615,0.01587954664480481,0.05301870378876951,0.01142082785938618,0.029511917782646092,0.053149938590847844,0.00600844437964267,0.012540718154123217,0.015178953643394647,0.0204814438255703,0.011068877860732686,0.014432215555548857,0.2012587835664502,0.2882433762804537,0.11865165537986193,0.013173810295074393,0.0243594455516589
61,0.26063168025889527,0.07509328619463332,0.020926256501798263,0.05547543583207557,0.029152724517931647,0.059376656750059445,0.036423580440851526,0.025687131477577903,0.03933886012862782,0.01926533662002376,0.028268175613876626,0.03590116882866786,0.031699262479439855,0.027513894990063226,0.016857707114090147,0.0541341813082458,0.05151234190467106,0.06731716305313702,0.02970391833524385,0.035721237650090006
62,0.018589040554285063,0.01778891740273732,0.030252064713562173,0.05353049412324958,0.02656983622466088,0.01771765122632852,0.02738279437089048,0.02308442822348629,0.47891478746997346,0.011293373418695069,0.030974395174314946,0.036024547851939044,0.020751600239344546,0.04631620539510602,0.052384565887935684,0.013185964942089519,0.036027274671493595,0.010546298018518294,0.023018810286327636,0.025646949805061922
63,0.005431621353601235,0.010208351817089218,0.009071296492689496,0.012848952619970438,0.38743501569967137,0.005609423639020327,0.021480741012160017,0.06753311440358364,0.009983137977060763,0.331097461443161,0.034829219590454014,0.007799463805804538,0.016366951243883786,0.011769115422450986,0.004161248293460089,0.0040755454892336205,0.004842417222703184,0.029783245291480027,0.015058309230152563,0.010615367952369633
64,0.22471835674353074,0.05006769851846532,0.008470511015776368,0.014723392306873263,0.018282031667669153,0.05650618437757971,0.029806238518418956,0.003213056634758853,0.01641808459817325,0.02297886335427294,0.08144808648350442,0.02722230733996708,0.0013425031799533468,0.08210853168132612,0.06602596281218535,0.19818407353264456,0.01872453710439043,0.0436628407592841,0.030454426725859754,0.0056423126453663056
65,0.009300288555883145,0.02135177233347029,0.014815579905426705,0.015592730549860634,0.06348414570382718,0.01955139841865882,0.023441606366274993,0.011325940903887582,0.010595563280236194,0.019441485557996616,0.011218842197157465,0.009633751769928983,0.00638853689388837,0.013040131631415873,0.02418101406888147,0.004671386083952334,0.0066792673156887755,0.009415783164329995,0.3684541861982837,0.33741658910095085
66,0.01247613900543505,0.01950964050488421,0.023036032346745738,0.01919914254647494,0.06129760106055623,0.013960480272496148,0.01673077567396371,0.025180597474937,0.020468311304743275,0.4941729478421243,0.06079605257740399,0.020265611610414857,0.0080271574598995,0.02186504544412698,0.012502883309319361,0.05727387197717669,0.015289219832934504,0.03991445306053214,0.03646633984126451,0.021567696854566897
67,0.08743575348655369,0.014105152085018705,0.02309892511465314,0.04838312405281619,0.036626176760186764,0.015046795962787326,0.017166239839979072,0.0778171103755239,0.01781366248419614,0.03447334781878895,0.05195200927889987,0.015545576526130237,0.01357643251199797,0.01915613006895,0.00735723618054647,0.0743076213365361,0.10042731027196652,0.30326506475330794,0.013068490377747159,0.029377840713413855
68,0.031152420060177047,0.026549533854306254,0.19485102564335313,0.4247560371614768,0.019937745447442874,0.035227143945243775,0.019383895083112116,0.01853813896111852,0.043530581415884124,0.0071460371498955535,0.02182490376781876,0.011499189607493744,0.004648828924031351,0.03638535141712712,0.018123785758724663,0.007690848969719034,0.022349273497720853,0.02543156749512023,0.01659463963531161,0.014379052204922454
69,0.016314155429929707,0.023610175179587085,0.022942484912634047,0.026491497678951124,0.02183470101904277,0.03361804247080971,0.013911141702345958,0.025374545988389986,0.03323123971684179,0.008686737131341337,0.021977032666760557,0.018540502711594017,0.012343795974384723,0.019986799801364516,0.6052810918788117,0.015478021830958304,0.024000574284387215,0.013717984362915471,0.020428700383589474,0.022230774875360473
70,0.132185976453103,0.05352333172731377,0.09983884473285796,0.025193152649036633,0.008241148948983116,0.43208909486365227,0.005418493458996308,0.00905056918281458,0.020931177025604278,0.003155514360147238,0.00896593935359947,0.08171349460177194,0.0028830300536428423,0.008492101527102105,0.0119669015577994,0.06334560508303407,0.00348093701458903,0.009032399271280108,0.011235784817863985,0.009256503316807971
71,0.005548391971374527,0.026380454068229215,0.009104439463014662,0.011374346229871624,0.029527170820876376,0.010829914611673869,0.060263703409300345,0.03471781025038815,0.011002996134912853,0.3859722928789743,0.06754290661260609,0.007034279597141937,0.006005435169472258,0.0094234272173307,0.00568759156522357,0.002758632201360285,0.00545799046743605,0.06836441415219624,0.0149074954341636,0.2280963077444534
72,0.015496432071651557,0.1111732754336789,0.012776216279392846,0.016278532136726125,0.03328612474207337,0.008054446627404753,0.009925653130838175,0.12670698936669786,0.015032885601055352,0.2149653658502421,0.14210952093586715,0.013099757767488734,0.02247977829559154,0.03128199942817717,0.011896358694709465,0.006574737391069303,0.012975873506590168,0.16603640660437746,0.01619057549896209,0.01365907063740583
73,0.016020830351522224,0.09910703602484477,0.052754527810154786,0.05586217516236649,0.015538032797171687,0.11256291191337182,0.055055287510454444,0.018543178434700998,0.05481332442461201,0.031179232142384244,0.021817023271905437,0.03706605768068598,0.012663278546843482,0.10383800702165463,0.011840736821740621,0.10457570911700267,0.03858990645139005,0.09112267805967894,0.019871340958892623,0.04717872549862208
74,0.045655288314530695,0.09587901104257378,0.030647905195372527,0.02660784166161029,0.03211815803645485,0.014594913770768218,0.052358540360027635,0.032927487772098384,0.022132538119278296,0.039709517031262825,0.11326974614631008,0.029653335724752115,0.26252679921199074,0.03344446657087589,0.013651917862525178,0.04459035281265203,0.03628674675114532,0.012618100568304614,0.02608994319329401,0.035237389854172525
75,0.007309886688508361,0.05743466999739768,0.02587300624348505,0.10226560575676097,0.037773174366153385,0.0196208738711863,0.03225377649889173,0.008884089764557013,0.017793087636796007,0.14360183947170618,0.08175852597484164,0.05732494171836405,0.005175858440199657,0.048004605229371666,0.008664444540337964,0.02454472466932376,0.058746580642632634,0.08865401416226817,0.022930664918878747,0.151385629408339
76,0.02097130646054642,0.021446332078020748,0.0216990737479032,0.042343587695176176,0.021112887887275795,0.5815013885624516,0.019541402263776233,0.029568735654654517,0.021010963467182907,0.011876736744732443,0.025050538478133638,0.019257834146094513,0.012196125275076594,0.021266162970470508,0.02937777187172527,0.01145262323301125,0.013496906394014394,0.022418790824422836,0.031002097234223515,0.02340873501110747
77,0.04631496730968788,0.054163352411134166,0.008672398810383702,0.013645698219265697,0.10907903109588121,0.0030510702283275543,0.13356180115623845,0.04302459351266445,0.07877337242058843,0.0665156681707844,0.0734952597552727,0.011202964338872821,0.003038228298462208,0.03527596161480188,0.07428364333973823,0.04485293689726018,0.015338014640443737,0.1066203624464306,0.004534709635231423,0.07455596569853028
78,0.01761324559277426,0.2409963163704686,0.010611097929828827,0.02363437686057871,0.01377062318734178,0.0353929361685759,0.006774633418739446,0.017825009641637267,0.014488415571877817,0.060811472435368226,0.011145600683182402,0.007587002127600896,0.004713103812684379,0.009661652591660167,0.005896529045365409,0.004049675221657861,0.34416097116676175,0.14910626077412903,0.012930900122779742,0.008830177276987575
79,0.06680750421974778,0.10156867013393037,0.01668319975642358,0.01611672343087268,0.04393616263891094,0.03588151178461447,0.015950916990924182,0.055868640400573176,0.019596732299995853,0.1231834285842469,0.017531071441061974,0.01390021915951549,0.009569302526158152,0.018295235864213097,0.007492401924769809,0.00757868047383042,0.02543823155273573,0.338633851092177,0.016047534929263155,0.049919980796035296
80,0.025313136374045395,0.021569729273552045,0.6098133945026597,0.02703247030192737,0.02553350623139766,0.04431312496933059,0.013252613500962707,0.021875204424474437,0.026838738129565456,0.009084733818928969,0.021584335209394564,0.0318690487808984,0.01050360524965422,0.02377813560695832,0.010757559042599516,0.008871408274944105,0.009936052108922592,0.023662361557695646,0.01825336755544308,0.016157475086645258
81,0.009758121960424897,0.020846519697591562,0.016531097062653325,0.018520319986928564,0.05747603395610536,0.015558772088837483,0.036292937753763826,0.06815642781937661,0.022677195748461616,0.5744981701396962,0.021752569672401325,0.015370494069350931,0.0272287354483492,0.018380871686729253,0.010167637588409238,0.007387026145131322,0.008279764774046308,0.011109821668385107,0.02183322835777426,0.018174254375583662
82,0.013142398195016823,0.03290259587820542,0.020441406382328532,0.04762953269223577,0.021638585107465344,0.6008139754311367,0.01776743697757371,0.016489633138969183,0.025444805534087324,0.009356225261072292,0.02429780672317197,0.017708325534937983,0.011293213036532933,0.024162782966125073,0.027124990124446868,0.009458563346212936,0.01351742242826419,0.020374257546713157,0.027798359512269662,0.018637684183234124
83,0.2856132985750807,0.32250745674556136,0.007369500094419885,0.010558807705619356,0.007047498010214194,0.013782190186181851,0.008336475985093796,0.0081710657999927,0.00889560796155311,0.0031644588784675944,0.00881804488187567,0.0072038638065993876,0.0034748211586614515,0.007814387384735689,0.013229474589345997,0.19879349751266678,0.03463218630663594,0.004823999132619779,0.018025800572174542,0.027737564712500187
84,0.010656416380065209,0.04351464344037107,0.028117693359811704,0.02444276531015439,0.019607853026761084,0.6340801104089254,0.014027426293628102,0.01985711384942564,0.02275258624958617,0.009472942933347519,0.020065200665214503,0.011807234601946276,0.009590710913470557,0.018876325721649545,0.007810944356061775,0.04027576408723876,0.008050729820840737,0.017962505524067342,0.023674502613868345,0.015356530443565806
85,0.023944373772111567,0.03197051972319198,0.025754606348653227,0.02957911064908675,0.03300246741888941,0.032490735906663355,0.04083622274488816,0.07118993922603056,0.05714500801863569,0.028763104601909124,0.047927092748129556,0.032304773954906045,0.035858363758009174,0.02765494168474454,0.3105286580420714,0.03689383933250974,0.041076247575119774,0.026240152273813044,0.03644995922174942,0.030389882998887476
86,0.026096902743045665,0.035126790674926425,0.04394804699778723,0.027244996152734548,0.04421013981753633,0.29392334256586944,0.043441875951829356,0.04198625100429441,0.03901850346964828,0.030572065268740956,0.030414611939489043,0.04351799640695624,0.03408875509160699,0.04528108387985438,0.03557169542177139,0.0389575104950768,0.03587378915816454,0.021438457718190994,0.04892279032678356,0.040364394915693436
87,0.03615979234470719,0.04530043342929228,0.02427085570294674,0.03026936876061038,0.019119591997109095,0.5642547111330066,0.014272727620777487,0.022970896165097503,0.03057433140915839,0.009646364039527082,0.0296733355638189,0.021665345078562312,0.005990846405185769,0.02210927499381575,0.009015965338516674,0.0321266942301072,0.010595320607716239,0.02606264185179922,0.029382238511830496,0.01653926481641458
88,0.015378566034766205,0.025385740123797927,0.023419713233611698,0.03235338948044117,0.029964279357887643,0.029189476237254392,0.020214449088782453,0.02834805387450015,0.028124852148057936,0.012137287106124767,0.024849385186298378,0.02344972672768173,0.011011465445495765,0.02121209514449588,0.030664148194532923,0.011238428882094266,0.01403089768989986,0.019966545275698987,0.5772441702166596,0.021817330551918156
89,0.1301156225321565,0.14153216618870884,0.009203491121792695,0.01570985153875696,0.010857232992645663,0.13847277508060646,0.006965465504615858,0.02659614959999928,0.01723996340591044,0.004458876437130102,0.013517515667030279,0.05563024411715863,0.004663019011874409,0.012677765899950627,0.006100622689817247,0.3338616366288173,0.042643465222640876,0.00672693660035866,0.013427257705207227,0.009599942054822
90,0.0038491920987251994,0.025619251740357497,0.014284890509550428,0.009597338081269934,0.1062044737721389,0.004441253710426078,0.04342899029506033,0.0068955434631303245,0.009327046790137112,0.016243305698783798,0.011231219350603693,0.0160669766812329,0.006223393923432698,0.2769515758877069,0.003620329614666273,0.003959628747449027,0.0045457593937364964,0.004949947053964054,0.12210178237498981,0.3104581008126386
91,0.017408240593576055,0.041344355905702096,0.03166402041543202,0.02150454539951259,0.13834702346650374,0.010090508821267781,0.04747524895432982,0.09415808056464856,0.028070582869977694,0.05303266569946392,0.018555963124681538,0.022021167801055522,0.005732119734689197,0.016874781077792396,0.007858401970059355,0.013101352466825407,0.00806349712446185,0.02078600502031025,0.020175021031964228,0.383736417957746
92,0.10771037500579869,0.11758427877059034,0.0020115037856227275,0.005357593436234667,0.004575134246239932,0.005523371857178881,0.0032507666939772585,0.25297826738216006,0.006351623387319885,0.024644181019149728,0.08573934450626952,0.002997896382366759,0.0013406683548439818,0.006425798903218,0.0017982792264952302,0.05427353222617366,0.15349494867488161,0.15384342607882323,0.005112891704097405,0.0049861183585583595
93,0.3713898676083269,0.2384498679969185,0.02181632233645056,0.017377856333196794,0.016852220906622584,0.06676166613013904,0.007452438057613131,0.014771865420250595,0.0190888319289075,0.005489382628674258,0.019755924086913554,0.009377212856521419,0.004903661766684434,0.01230381481192767,0.004320432332018915,0.07780280837204263,0.01836381015630602,0.0444175677155102,0.014865710608274997,0.014438737946700312
94,0.04020007198659263,0.0704398280384829,0.005353893248194912,0.010028946208213372,0.006487856657645357,0.1390211716142996,0.06693765104656532,0.044077152332314566,0.007065700089658479,0.0019691018718815015,0.01583653415026356,0.006353685272387561,0.0013885509808069748,0.023966102250388338,0.0030180056165846924,0.18872188597126693,0.32506744990871406,0.03092287087193626,0.008099538086781181,0.005044003797021789
95,0.06327318493409036,0.04293413828058386,0.08841745333285564,0.03370065993747701,0.012093315198947891,0.00208661984834738,0.11113160191099189,0.11953603908199893,0.05140623071833093,0.04343951544250092,0.012046204541795759,0.09064008641941365,0.001843256662322634,0.14612719154137913,0.0043436429039805,0.03572110805844329,0.017597910290996773,0.06645618902377594,0.024808017530834073,0.032397634340933436
96,0.09258317768650577,0.020096568509108136,0.012467330955548488,0.0064955615569008696,0.005263279104082224,0.00683105643042809,0.027798749971971744,0.046987375426027767,0.057610801294311474,0.08964063489618389,0.04436750961980137,0.04376529345346353,0.05983679150973475,0.12643254247521268,0.12491363267575425,0.08424758482866186,0.07804984850333176,0.039644332242196885,0.023697488804785716,0.009270440055988753
97,0.05098902063421557,0.033832790449596646,0.0229598914870894,0.053121352182299506,0.056311687107154375,0.017786139286281585,0.03140011616733706,0.040245342806137285,0.13352617967641364,0.14311493842860146,0.025097202120157553,0.04684268092929578,0.020179235520444257,0.05349597499919571,0.052408231655292334,0.09381846562046622,0.06631867810171622,0.013175752437999632,0.0189646152923826,0.026411705097923153
98,0.03009917944738469,0.2181886810679062,0.03992789324723048,0.048889088950512485,0.03366734895802207,0.010699547564961734,0.04928373903318113,0.046009733809596984,0.03341899370410949,0.015596735376625629,0.031036884674804834,0.036229366147134776,0.020600397675435683,0.032233530571125726,0.009219324542287731,0.02308027540900891,0.08883835858537723,0.17141539769573572,0.02351454013114112,0.03805098340841739
99,0.04521617130579211,0.018210413574423705,0.026613344586296866,0.02785893194683844,0.05005126869741472,0.011775519130425348,0.0729995026303523,0.08170888167201593,0.012122586421092834,0.03460733814315792,0.03339771707479762,0.014007049695252584,0.027959024407853268,0.4247789449985823,0.031012196970088404,0.03959092404227259,0.006101459294562956,0.009304917196024625,0.02003831359824046,0.01264549461451505
100,0.03365865979015992,0.025755669845995637,0.2322873241498217,0.2570527920415719,0.039892106396028144,0.021398978368030185,0.006382596342329289,0.04098235801955347,0.028375293139028444,0.019162288392631815,0.12341665094542292,0.03188201260749131,0.0031371517909602117,0.04108957739099031,0.004947593494688306,0.030422427024417935,0.00905197815513557,0.018769824451048744,0.02260159334565544,0.009733124309038752
101,0.022448458238864086,0.2176035895811987,0.01617109058187689,0.023238677077617894,0.0179068938756904,0.022195425044938873,0.015211411871273816,0.11088857317646475,0.018561939914333497,0.00920040026766009,0.037979786146296234,0.01743995642303674,0.00552343366055737,0.01716899805401014,0.007231877966337518,0.0057967148027655985,0.008223119000379251,0.3924607890365811,0.021129120203656905,0.013619745076460178
102,0.06617691320465105,0.1612376233921476,0.010856982198941755,0.007116690271290972,0.04416285631624637,0.01918806785112752,0.054214559811564235,0.0984386213703342,0.013508893180856987,0.07958237461237509,0.036786061947907234,0.04779504625208677,0.0016260624890520102,0.06125056205599536,0.08334962471202234,0.0400232112819097,0.013828889619941824,0.04206463992689213,0.11063095819011907,0.008161361314537829
103,0.0530934340031102,0.010810646850886807,0.012577789403251773,0.05973632597846829,0.010044559935091983,0.7053922366068472,0.00935869258199379,0.011748993218292956,0.013224797103015308,0.004748165657605401,0.013951569914676594,0.009745786375263769,0.00409669734256598,0.012516431223507197,0.015773198406045533,0.008186952242177114,0.006295385803262038,0.01339724415327332,0.015076285119498795,0.010224808081165833
104,0.004005862008080185,0.042263426125112295,0.018109265510892855,0.010353360784859624,0.15829114386704135,0.00417035249895619,0.012941542686777475,0.08593921971343867,0.008401876376938008,0.07222329823378161,0.03452134601491861,0.010912734161440509,0.0016280690736204303,0.007091441611024672,0.002542033441158386,0.005521940080517147,0.0022116237817820226,0.06148890166360852,0.2841931798172689,0.1731893825487825
105,0.06418904380744099,0.016047903020945654,0.011010508203026771,0.023766088948561876,0.015872502277734436,0.008556013873740375,0.006648258400411467,0.045224234060959524,0.01349064443728783,0.005302983358964442,0.013584242937150515,0.009066906186604808,0.0056402759104753316,0.02076216021749807,0.004496112200519493,0.20750204766544025,0.48889999875568585,0.0082672688262061,0.021167633239794696,0.010505173671551555
106,0.0787618105852856,0.04635853103511911,0.007294273212325606,0.0218264204949297,0.04659078352447525,0.006055488977099989,0.024817514898999454,0.024171338797634657,0.11052033884104158,0.041729237605520254,0.05212698751683777,0.055085898326248946,0.001001351538958683,0.08842322491361532,0.08841919648788406,0.05781751424366816,0.06475935092271247,0.07759378776693564,0.044738073181889625,0.06190887712881813
107,0.24352031628561935,0.010929234305378406,0.010820654553395391,0.035018652793079794,0.008773468741365482,0.4444389668910948,0.007540233260296807,0.015291240691637335,0.013814314566005379,0.0039043036130380657,0.01662650827287563,0.010771448742184789,0.0065180763719495435,0.015622806513253821,0.03366471096788298,0.06375541155158503,0.011686207885092646,0.022873326493114625,0.014354970398180603,0.010075147102969523
108,0.17534099732084105,0.07248910388932293,0.06929846702157942,0.04184701247097016,0.012726438188171858,0.29432784842205484,0.05860381041528258,0.01507869915729088,0.016463817199789323,0.07599847413079772,0.0162458001390086,0.014496150820827692,0.00813523731649794,0.011665002703462622,0.011961735289790323,0.030335135477991573,0.03816927359670981,0.007123682324523871,0.015880620565345362,0.01381269354974146
109,0.08014407564856553,0.023842363035705905,0.02119388744583967,0.026829558222898925,0.022128237419198546,0.06420746318961094,0.05117551612597999,0.029014187251625065,0.02302595710610752,0.02697614683058755,0.02742992633845625,0.08557107000898784,0.20208301598422346,0.031549252449979553,0.051046391345934555,0.04877900629749686,0.02816417171388572,0.10762678824907392,0.03431605097948733,0.014896934356354904
110,0.11197606204730512,0.10091497980861339,0.01863047340227808,0.02554445980206609,0.012838455186150224,0.21742408559731138,0.0690350818475082,0.007098835594861129,0.020855185384459747,0.008806156367240756,0.03791523990097367,0.07307493033139313,0.002017277075780865,0.0866640494710992,0.0589978186967985,0.05437656361733975,0.015112820884746754,0.017394345812884803,0.014118620010791895,0.0472045591603973
111,0.023471913580429875,0.009591771539983588,0.006705036044287206,0.010610542328191556,0.010472791474643642,0.06819297214726784,0.3285815669247519,0.0065279512308331405,0.007809355719040215,0.002285112596533581,0.01749436878160417,0.01598407010325011,0.0031372367266060967,0.3820351559076218,0.07040273984571158,0.009322962331938973,0.002347110777792215,0.004349815520889226,0.01018769887613168,0.010489827542491798
